[LEFT_CAM_2K]
cx = 1069.85
cy = 566.738
fx = 1398.86
fy = 1398.86
k1 = -0.1715
k2 = 0.0261106


[LEFT_CAM_FHD]
cx = 925.847
cy = 485.738
fx = 1398.86
fy = 1398.86
k1 = -0.1715
k2 = 0.0261106


[LEFT_CAM_HD]
cx = 621.424
cy = 331.369
fx = 699.43
fy = 699.43
k1 = -0.1715
k2 = 0.0261106


[LEFT_CAM_VGA]
cx = 325.712
cy = 172.685
fx = 349.715
fy = 349.715
k1 = -0.1715
k2 = 0.0261106


[RIGHT_CAM_2K]
cx = 1081.77
cy = 611.949
fx = 1399.59
fy = 1399.59
k1 = -0.17288
k2 = 0.0269779


[RIGHT_CAM_FHD]
cx = 937.771
cy = 530.949
fx = 1399.59
fy = 1399.59
k1 = -0.17288
k2 = 0.0269779


[RIGHT_CAM_HD]
cx = 627.385
cy = 353.974
fx = 699.795
fy = 699.795
k1 = -0.17288
k2 = 0.0269779


[RIGHT_CAM_VGA]
cx = 328.693
cy = 183.987
fx = 349.898
fy = 349.898
k1 = -0.17288
k2 = 0.0269779


[STEREO]
BaseLine = 120.024
CV_2K = 0.0100563
CV_FHD = 0.0100563
CV_HD = 0.0100563
CV_VGA = 0.0100563
RX_2K = 0.00134806
RX_FHD = 0.00134806
RX_HD = 0.00134806
RX_VGA = 0.00134806
RZ_2K = 0.000240234
RZ_FHD = 0.000240234
RZ_HD = 0.000240234
RZ_VGA = 0.000240234
